00111100000000010001000000000001
00110100001001000000000000000000
00111100000000010001000000000001
00110100001001010000000011000000
00111100000000010001000000000001
00110100001001100000000011110000
00001100000100000000000001110101
00001100000100000000000001110101
00100100000000100000000000000001
00111100000000010001000000000001
00110100001010000000000011110000
10001101000001000000000000000000
00000000000000000000000000001100
00100100000000100000000000001011
00100100000001000000000000100000
00000000000000000000000000001100
00100100000000100000000000000001
10001101000001000000000000000100
00000000000000000000000000001100
00100100000000100000000000001011
00100100000001000000000000100000
00000000000000000000000000001100
00100100000000100000000000000001
10001101000001000000000000001000
00000000000000000000000000001100
00100100000000100000000000001011
00100100000001000000000000100000
00000000000000000000000000001100
00100100000000100000000000000001
10001101000001000000000000001100
00000000000000000000000000001100
00100100000000100000000000001011
00100100000001000000000000001010
00000000000000000000000000001100
00111100000000010001000000000001
00110100001001000000000001000000
00111100000000010001000000000001
00110100001001010000000011010000
00111100000000010001000000000001
00110100001001100000000011110000
00001100000100000000000001110101
00100100000000100000000000000001
00111100000000010001000000000001
00110100001010000000000011110000
10001101000001000000000000000000
00000000000000000000000000001100
00100100000000100000000000001011
00100100000001000000000000100000
00000000000000000000000000001100
00100100000000100000000000000001
10001101000001000000000000000100
00000000000000000000000000001100
00100100000000100000000000001011
00100100000001000000000000100000
00000000000000000000000000001100
00100100000000100000000000000001
10001101000001000000000000001000
00000000000000000000000000001100
00100100000000100000000000001011
00100100000001000000000000100000
00000000000000000000000000001100
00100100000000100000000000000001
10001101000001000000000000001100
00000000000000000000000000001100
00100100000000100000000000001011
00100100000001000000000000001010
00000000000000000000000000001100
00111100000000010001000000000001
00110100001001000000000010000000
00111100000000010001000000000001
00110100001001010000000011100000
00111100000000010001000000000001
00110100001001100000000011110000
00001100000100000000000001110101
00100100000000100000000000000001
00111100000000010001000000000001
00110100001010000000000011110000
10001101000001000000000000000000
00000000000000000000000000001100
00100100000000100000000000001011
00100100000001000000000000100000
00000000000000000000000000001100
00100100000000100000000000000001
10001101000001000000000000000100
00000000000000000000000000001100
00100100000000100000000000001011
00100100000001000000000000100000
00000000000000000000000000001100
00100100000000100000000000000001
10001101000001000000000000001000
00000000000000000000000000001100
00100100000000100000000000001011
00100100000001000000000000100000
00000000000000000000000000001100
00100100000000100000000000000001
10001101000001000000000000001100
00000000000000000000000000001100
00100100000000100000000000001011
00100100000001000000000000001010
00000000000000000000000000001100
00100100000000100000000000001010
00000000000000000000000000001100
00100000000010000000000000000000
00100000000010010000000000000100
10001100100010100000000000000000
10001100101010110000000000000000
10001100110011000000000000000000
00000001010010110110100000100001
00000001101011000000100000101011
00010000001000000000000000000001
10101100110011010000000000000000
00100100100001000000000000000100
00100100101001010000000000000100
00100101000010000000000000000001
00000001000010010000100000101010
00010100001000001111111111110100
00000011111000000000000000001000
00100000000010000000000000000000
00100000000010010000000000000100
00000000000001000110000000100001
00000000000001010110100000100001
00000000000001100111000000100001
00100000000010100000000011111010
10101101110010100000000000000000
00000000000011000101000000100001
00000000000010000101100100000000
00000001010010110010000000100001
00111100000000010000000000000000
00110100001000010000000000011000
00000011101000011110100000100011
10101111101010000000000000000000
10101111101010010000000000000100
10101111101111110000000000001000
10101111101011000000000000001100
10101111101011010000000000010000
10101111101011100000000000010100
00000000000011010010100000100001
00000000000011100011000000100001
00001100000100000000000001100110
10001111101011100000000000010100
10001111101011010000000000010000
10001111101011000000000000001100
10001111101111110000000000001000
10001111101010010000000000000100
10001111101010000000000000000000
00100111101111010000000000011000
00100101110011100000000000000100
00100101000010000000000000000001
00000001000010010000100000101010
00010100001000001111111111100100
00000011111000000000000000001000
